100 6
120 110
123456 123455
12 11
1 0
133 28
336 97
401 35
422 15
438 247
87 60
19 16
198 2
12345678901234567890 12345678901234567890
98765432109876543210 98765432109876543209
44 22
461 6
394 6
376 344
192 95
494 169
381 250
163 6
282 37
320 262
312 101
130 63
149 45
5 5
401 378
480 322
270 33
432 415
71 62
357 299
475 73
51 6
173 52
267 82
322 152
366 89
223 196
171 148
153 153
492 158
68 43
275 204
218 173
139 77
258 60
251 193
485 25
389 156
71 24
98 40
411 398
496 222
319 314
452 441
90 78
352 143
284 2
236 230
438 417
61 1
43 19
468 239
241 139
53 45
80 73
476 266
358 354
31 3
175 26
94 33
406 336
433 394
449 89
304 264
331 32
497 397
198 135
168 165
49 7
295 200
309 38
271 171
423 177
8 5
280 22
329 236
169 122
436 16
326 249
39 39
17 5
449 315
217 217
178 86
393 221
21 18
409 90
104 92
248 51
279 5
367 258
67 43
185 68
241 66
304 300
253 43
377 190
138 89
490 155
215 177
244 182
251 75
149 46
170 167
244 208
247 32
128 68
406 58
170 145
161 86
151 104
336 329
275 4
73 32
350 134
312 156
283 123
239 56
392 86
80 18
152 116
467 46
273 225
380 112
276 228
235 57
434 314
80 23
25 12
134 89
366 365
366 120
453 423
406 267
355 277
21 2
285 153
146 139
423 359
267 151
367 175
220 137
227 69
477 216
222 137
343 22
120 86
28 28
97 9
443 143
498 286
18 17
5 1
469 69
262 166
383 100
410 13
395 13
382 252
394 94
231 92
189 5
498 128
126 23
176 154
49 31
95 5
282 46
440 352
386 269
436 351
266 128
15 3
433 289
370 325
127 105
374 92
98 80
96 49
71 13
364 353
459 173
193 118
499 38
75 15
429 297
86 34
23 6
65 14
31 13
43 0
184 85
93 73
107 102
230 81
234 135
181 175
193 111
236 137
358 321
295 70
11 0
99 97
138 61
471 389
320 116
112 15
158 70
408 49
80 52
235 219
222 17
197 130
374 262
348 184
109 20
265 138
391 59
212 45
141 106
297 242
217 136
160 125
341 228
161 4
57 50
25 1
151 16
101 79
479 260
466 358
276 54
438 356
456 65
187 84
115 94
482 25
462 244
491 172
372 111
228 206
176 112
30 10
262 208
392 214
381 370
292 150
184 122
138 15
108 11
52 18
123 121
429 200
416 307
282 87
281 209
122 34
271 100
106 27
266 18
215 103
241 39
325 319
298 275
499 335
83 22
107 78
470 8
344 340
75 35
53 23
410 359
166 134
180 114
318 225
307 52
194 105
313 148
286 80
141 110
130 22
160 117
273 146
298 100
80 71
174 132
16 4
267 231
436 179
353 93
250 28
248 152
397 179
373 77
347 205
269 120
338 226
153 57
464 246
27 19
148 87
290 283
484 323
226 108
436 2
354 214
145 137
66 23
452 439
43 36
214 43
68 16
2 1
75 2
413 61
53 44
433 24
498 242
447 83
196 86
435 283
183 6
305 111
137 112
64 25
125 27
375 158
52 35
412 233
70 8
219 119
209 84
273 96
461 251
307 186
315 238
40 6
115 62
302 143
23 21
224 148
87 80
354 127
416 260
271 165
73 47
62 24
102 100
373 28
322 187
55 50
469 405
280 114
173 40
237 206
311 105
225 17
20 18
278 120
12 6
412 342
381 282
120 99
191 137
53 33
483 203
176 124
225 219
35 11
165 7
149 131
301 36
334 153
239 10
273 235
345 251
289 51
411 43
467 186
402 116
244 204
197 114
48 39
424 259
90 14
242 102
414 66
402 213
293 259
463 317
141 2
282 29
112 77
299 165
75 64
16 8
265 79
23 23
461 330
130 73
290 149
491 53
237 64
315 246
431 99
139 18
349 163
372 207
39 2
74 44
284 272
229 133
306 164
463 89
224 2
274 114
24 14
474 137
197 3
247 19
211 77
95 65
352 61
89 89
208 136
131 90
175 118
333 3
172 47
383 12
170 112
158 109
175 12
471 408
39 15
471 41
185 61
153 103
321 272
467 292
180 83
52 20
402 35
225 73
287 268
310 153
199 38
425 422
32 15
463 359
241 108
201 190
261 252
228 38
174 112
270 51
170 19
460 302
67 19
21 10
33 17
378 171
294 24
199 185
445 116
423 68
163 87
31 8
486 170
45 23
44 19
67 30
355 329
69 60
56 2
174 70
22 11
63 3
391 71
30 8
348 140
308 146
25 0
311 226
174 17
493 119
145 78
79 5
333 101
186 36
153 5
275 119
160 9
146 144
491 300
386 313
241 87
279 135
366 97
372 4
134 91
339 252
172 93
187 77
382 278
212 102
30 17
202 156
367 348
487 415
492 58
411 80
316 93
153 126
154 126
19 1
467 317
476 274
325 195
123 47
391 318
52 9
378 136
56 30
447 103
89 52
111 33
255 104
116 87
356 252
143 66
293 160
53 5
406 186
409 369
251 117
359 204
67 63
289 236
223 7
422 54
160 68
221 161
468 382
71 69
415 336
268 139
279 123
227 180
178 142
381 155
349 316
390 273
64 27
55 0
118 0
59 37
227 67
467 339
318 221
147 47
380 238
454 310
465 118
160 119
131 127
487 112
200 134
81 31
328 5
309 66
136 117
215 102
404 383
252 222
364 83
357 159
239 112
483 119
59 35
146 68
373 303
125 26
490 295
235 205
394 27
341 237
149 72
269 217
413 49
194 193
261 206
428 75
281 98
17 12
381 214
484 437
77 52
257 35
185 22
449 382
430 264
67 0
470 456
470 426
361 74
24 0
274 244
311 169
170 81
298 226
269 192
161 43
487 67
297 104
417 377
332 270
151 78
248 29
247 217
180 152
194 117
257 184
407 33
140 18
157 74
169 153
417 256
252 20
289 98
144 62
336 282
276 134
399 385
271 156
76 33
461 369
287 281
126 70
224 132
413 86
260 22
274 142
178 111
491 149
89 55
322 211
307 135
149 67
386 113
60 23
78 28
367 48
48 30
349 291
370 267
199 179
138 54
68 19
228 50
279 158
431 59
479 113
359 26
283 16
264 47
114 104
412 328
256 76
338 125
479 469
136 81
54 5
58 5
468 67
113 42
125 21
446 77
431 413
272 24
346 179
292 2
148 33
101 70
266 82
398 334
24 2
214 84
351 320
418 227
443 50
42 27
281 127
36 15
59 32
428 388
312 144
16 9
179 56
496 255
125 18
129 67
169 50
471 380
46 41
300 187
228 49
89 15
98 48
465 83
79 50
267 4
430 166
439 272
207 91
459 287
493 400
103 92
135 125
186 116
272 240
323 51
462 208
451 417
420 302
219 55
451 91
65 8
420 391
223 57
483 168
376 113
193 104
85 5
437 335
329 142
119 105
412 324
386 253
84 71
72 22
429 40
107 4
464 413
340 294
56 54
332 174
127 49
291 78
485 165
359 272
335 89
101 74
235 9
386 338
329 327
107 7
17 16
282 253
218 146
468 94
265 56
340 95
22 8
307 191
466 341
50 25
50 13
394 31
388 252
145 111
69 46
54 46
31 11
396 219
240 5
299 126
421 218
182 121
369 263
167 151
332 201
197 1
180 46
249 50
409 270
1 0
244 33
128 125
304 108
325 47
371 131
86 81
477 446
423 166
260 25
379 199
341 48
284 0
387 367
10 2
494 157
221 33
163 58
141 124
340 188
230 43
450 447
415 356
327 275
322 191
129 66
106 86
258 59
40 5
334 255
174 35
458 144
268 176
386 36
496 374
454 102
460 212
249 128
124 44
350 169
230 93
78 75
172 29
484 278
464 420
118 116
145 114
265 72
135 113
299 22
499 244
101 12
57 42
325 8
442 252
495 290
134 29
153 106
181 78
470 239
236 210
173 128
492 196
305 172
57 52
390 230
294 196
283 77
436 159
36 6
209 136
35 13
375 189
494 219
386 151
391 167
347 142
78 1
201 119
439 246
180 116
86 4
452 43
193 154
226 201
322 74
343 252
4 2
259 23
33 31
44 37
495 58
41 14
468 59
389 353
19 0
380 89
263 140
440 147
29 21
292 251
405 94
7 3
223 45
408 67
0 0
